0.021875
0.049375
0.08125
0.20125
0.39375
0.545625
0.653125
0.74125
0.799375
0.848125
0.885
0.91875
0.933125
0.94625
0.96
0.968125
0.974375
0.980625
0.98375
0.98625
0.99
0.99125
0.993125
0.995
0.99625
0.99625
0.99625
0.99625
0.996875
0.996875
0.996875
0.9975
0.9975
0.9975
0.9975
0.9975
0.9975
0.9975
0.9975
0.9975
0.9975
0.9975
0.998125
0.998125
0.999375
0.999375
0.999375
0.999375
0.999375
0.999375
0.999375
0.999375
0.999375
0.999375
0.999375
0.999375
0.999375
0.999375
0.999375
0.999375
0.999375
0.999375
0.999375
0.999375
1.0
1.0
1.0
1.0
1.0
1.0
1.0
1.0
1.0
1.0
1.0
1.0
1.0
1.0
1.0
1.0
1.0
1.0
1.0
1.0
1.0
1.0
1.0
1.0
1.0
1.0
1.0
1.0
1.0
1.0
1.0
1.0
1.0
1.0
1.0
1.0
